# 西新宿（AWSIM の nishishinjuku_autoware_map）用の経路。地図の lanelet の中心線から tools/tile_demo/lanelet_route.py で作った
# （地図座標 [m]。1 行に x y）。元の地図と同じく CC BY-NC 4.0（docs/demo/README.md）
81202.37 49797.67
81207.36 49801.05
81209.86 49802.74
81212.35 49804.43
81215.68 49806.68
81219.01 49808.93
81222.34 49811.18
81225.66 49813.43
81228.99 49815.68
81232.32 49817.93
81235.65 49820.18
81238.97 49822.43
81242.30 49824.68
81245.63 49826.93
81248.96 49829.18
81252.28 49831.43
81255.61 49833.68
81258.94 49835.93
81262.27 49838.18
81265.59 49840.43
81268.92 49842.68
81272.25 49844.93
81275.58 49847.18
81278.90 49849.43
81282.23 49851.68
81285.56 49853.93
81288.89 49856.18
81292.21 49858.43
81295.54 49860.68
81298.87 49862.93
81302.20 49865.18
81305.52 49867.43
81308.85 49869.68
81312.18 49871.93
81315.50 49874.19
81318.83 49876.44
81322.15 49878.69
81325.48 49880.94
81328.80 49883.20
81332.13 49885.45
81335.45 49887.71
81338.76 49889.99
81342.06 49892.27
81345.36 49894.57
81348.66 49896.88
81352.00 49899.23
81355.39 49901.62
81358.82 49904.04
81362.30 49906.49
81365.82 49908.95
81369.33 49911.39
81372.82 49913.79
81376.30 49916.16
81379.76 49918.50
81383.21 49920.80
81386.62 49923.08
81390.02 49925.38
81393.36 49927.75
81396.45 49930.23
81399.01 49932.96
81400.92 49936.01
81402.15 49939.36
81402.65 49942.94
81402.57 49946.75
81402.14 49950.70
81401.59 49954.61
81401.01 49958.52
81400.43 49962.44
81399.84 49966.37
81399.26 49970.27
81398.67 49974.21
81398.09 49978.18
81397.50 49982.16
81396.92 49986.14
81396.33 49990.12
81395.74 49994.09
81395.14 49998.07
81394.55 50002.05
81393.95 50006.03
81393.35 50010.00
81392.75 50013.98
81392.17 50017.96
81391.61 50021.94
81391.07 50025.93
81390.54 50029.92
81390.03 50033.90
81389.54 50037.90
81389.06 50041.89
81388.59 50045.88
81388.12 50049.88
81387.65 50053.87
81387.16 50057.86
81386.64 50061.85
81386.09 50065.84
81385.51 50069.82
81384.91 50073.79
81384.29 50077.77
81383.67 50081.74
81383.04 50085.71
81382.42 50089.69
81381.79 50093.66
81381.17 50097.63
81380.54 50101.61
81379.92 50105.58
81379.29 50109.56
81378.66 50113.53
81378.04 50117.51
81377.41 50121.49
81376.78 50125.47
81376.15 50129.45
81375.50 50133.45
81374.84 50137.47
81374.17 50141.50
81373.48 50145.56
81372.78 50149.63
81372.08 50153.71
81371.39 50157.78
81370.68 50161.86
81369.98 50165.94
81369.28 50170.01
81368.58 50174.09
81367.88 50178.17
81367.19 50182.22
81366.52 50186.26
81365.86 50190.28
81365.23 50194.27
81364.60 50198.24
81363.95 50202.18
81363.25 50206.12
81362.57 50209.69
81363.25 50206.12
81363.95 50202.18
81364.60 50198.24
81365.27 50194.32
81366.01 50190.43
81367.15 50186.95
81368.54 50183.62
81370.21 50180.44
81372.25 50177.48
81374.69 50174.82
81377.45 50172.55
81380.30 50171.01
81383.46 50170.32
81386.85 50170.34
81390.37 50170.94
81393.99 50172.02
81397.73 50173.07
81401.57 50173.97
81405.47 50174.82
81409.42 50175.65
81413.41 50176.47
81417.40 50177.26
81421.38 50178.03
81425.36 50178.78
81429.35 50179.52
81433.33 50180.25
81437.32 50180.99
81441.30 50181.73
81445.27 50182.47
81449.24 50183.20
81453.20 50183.94
81457.16 50184.68
81461.11 50185.42
81465.05 50186.15
81469.00 50186.89
81472.95 50187.63
81476.90 50188.36
81480.84 50189.09
81484.79 50189.83
81488.74 50190.56
81492.69 50191.29
81496.63 50192.02
81500.58 50192.76
81504.53 50193.49
81508.49 50194.22
81512.45 50194.96
81516.41 50195.69
81520.38 50196.43
81524.35 50197.16
81528.32 50197.90
81532.27 50198.64
81536.18 50199.43
81539.99 50200.40
81543.58 50201.70
81546.80 50203.47
81549.47 50205.78
81551.46 50208.62
81552.67 50211.92
81553.18 50215.55
81553.12 50219.39
81552.65 50223.34
81551.97 50227.35
81551.22 50231.43
81550.46 50235.55
81549.71 50239.67
81548.96 50243.78
81548.21 50247.88
81547.47 50251.96
81546.73 50256.02
81546.00 50260.06
81545.26 50264.08
81544.53 50268.09
81543.80 50272.11
81543.06 50276.12
81542.33 50280.14
81541.60 50284.15
81540.86 50288.17
81540.13 50292.18
81539.40 50296.20
81538.66 50300.21
81537.92 50304.23
81537.18 50308.24
81536.43 50312.25
81535.68 50316.26
81534.93 50320.28
81534.19 50324.29
81533.45 50328.30
81532.71 50332.30
81531.98 50336.30
81531.24 50340.29
81530.51 50344.27
81529.77 50348.24
81529.04 50352.22
81528.31 50356.20
81527.58 50360.17
81526.85 50364.14
81526.13 50368.11
81525.42 50372.08
81524.71 50376.05
81524.00 50380.02
81523.29 50383.99
81522.58 50387.95
81521.87 50391.92
81521.15 50395.89
81520.44 50399.86
81519.73 50403.82
81519.02 50407.79
81518.31 50411.76
81517.59 50415.73
81516.87 50419.69
81516.16 50423.66
81515.45 50427.63
81514.74 50431.60
81514.03 50435.58
81513.34 50439.55
81512.65 50443.52
81511.96 50447.50
81511.27 50451.47
81510.58 50455.45
81509.89 50459.42
81509.20 50463.40
81508.51 50467.37
81507.82 50471.34
81507.13 50475.32
81506.43 50479.29
81505.74 50483.26
81505.05 50487.24
81504.36 50491.21
81503.67 50495.19
81502.98 50499.16
81502.28 50503.16
81501.56 50507.25
81500.82 50511.36
81500.08 50515.48
81499.33 50519.60
81498.56 50523.71
81497.77 50527.75
81496.94 50531.71
81496.09 50535.66
81495.22 50539.59
81494.29 50543.47
81493.25 50547.26
81491.96 50550.87
81490.25 50554.11
81488.02 50556.79
81485.27 50558.74
81482.05 50559.92
81478.81 50560.44
81482.41 50562.46
81486.07 50563.74
81489.53 50565.40
81493.00 50567.09
81496.39 50568.75
81499.45 50570.68
81502.42 50572.72
81505.51 50574.55
81508.68 50576.12
81511.81 50577.70
81515.21 50579.13
81518.87 50580.15
81522.71 50580.91
81526.63 50581.59
81530.60 50582.29
81534.63 50583.00
81538.72 50583.72
81542.81 50584.45
81546.91 50585.18
81551.04 50585.91
81555.23 50586.64
81559.47 50587.39
81563.75 50588.14
81568.04 50588.90
81572.32 50589.66
81576.56 50590.41
81580.76 50591.17
81584.91 50591.92
81589.05 50592.66
81593.19 50593.41
81597.33 50594.15
81601.46 50594.90
81605.57 50595.64
81609.64 50596.39
81613.68 50597.13
81617.70 50597.87
81621.67 50598.62
81625.47 50599.63
81629.14 50600.85
81632.75 50602.13
81636.29 50603.40
81639.82 50604.67
81643.30 50605.82
81646.87 50606.66
81650.53 50607.36
81654.24 50608.06
81658.01 50608.76
81661.80 50609.45
81665.79 50610.18
81669.77 50610.91
81673.75 50611.64
81677.74 50612.38
81681.72 50613.11
81685.71 50613.84
81689.71 50614.57
81693.71 50615.30
81697.73 50616.04
81701.75 50616.78
81705.78 50617.52
81709.80 50618.26
81713.83 50618.99
81717.87 50619.73
81721.91 50620.46
81725.96 50621.18
81730.01 50621.90
81734.08 50622.61
81738.15 50623.31
81742.22 50624.02
81745.97 50624.30
81749.48 50623.36
81751.00 50620.58
81750.72 50615.95
81750.03 50612.25
81749.88 50608.43
81750.11 50604.58
81750.53 50600.69
81751.17 50596.79
81751.89 50592.88
81752.60 50588.95
81753.32 50585.01
81754.03 50581.06
81754.75 50577.10
81755.47 50573.15
81756.19 50569.20
81756.91 50565.24
81757.63 50561.29
81758.36 50557.34
81759.08 50553.39
81759.82 50549.44
81760.56 50545.48
81761.31 50541.53
81762.05 50537.57
81762.79 50533.61
81763.52 50529.65
81764.23 50525.68
81764.95 50521.72
81765.66 50517.75
81766.37 50513.79
81767.08 50509.82
81767.79 50505.86
81768.50 50501.89
81769.21 50497.92
81769.93 50493.96
81770.64 50489.99
81771.36 50486.03
81772.08 50482.07
81772.81 50478.10
81773.54 50474.14
81774.27 50470.18
81775.01 50466.22
81775.74 50462.26
81776.48 50458.30
81777.22 50454.33
81777.95 50450.37
81778.69 50446.41
81779.42 50442.45
81780.16 50438.49
81780.90 50434.53
81781.63 50430.57
81782.37 50426.61
81783.11 50422.64
81783.84 50418.68
81784.58 50414.72
81785.31 50410.76
81786.05 50406.80
81786.78 50402.84
81787.52 50398.88
81788.25 50394.92
81788.99 50390.95
81789.72 50386.98
81790.46 50382.99
81791.20 50378.99
81791.94 50374.97
81792.69 50370.94
81793.43 50366.89
81794.17 50362.85
81794.91 50358.81
81795.65 50354.78
81796.40 50350.75
81797.14 50346.72
81797.88 50342.69
81798.63 50338.66
81799.37 50334.63
81800.12 50330.60
81800.86 50326.56
81801.61 50322.51
81802.35 50318.47
81803.10 50314.41
81803.85 50310.33
81804.60 50306.24
81805.36 50302.14
81806.12 50298.01
81806.88 50293.88
81807.63 50289.78
81808.38 50285.70
81809.12 50281.65
81809.86 50277.62
81810.58 50273.62
81811.31 50269.63
81812.03 50265.64
81812.76 50261.66
81813.49 50257.67
81814.22 50253.68
81814.95 50249.69
81815.68 50245.70
81816.41 50241.71
81817.14 50237.72
81817.88 50233.73
81818.61 50229.75
81819.35 50225.76
81820.09 50221.77
81820.82 50217.78
81821.56 50213.79
81822.30 50209.81
81823.03 50205.82
81823.76 50201.83
81824.49 50197.84
81825.23 50193.85
81825.96 50189.86
81826.69 50185.88
81827.43 50181.89
81828.16 50177.90
81828.89 50173.91
81829.62 50169.92
81830.36 50165.94
81831.09 50161.96
81831.82 50157.98
81832.55 50154.02
81833.28 50150.05
81834.01 50146.09
81834.74 50142.11
81835.48 50138.13
81836.22 50134.13
81836.97 50130.11
81837.71 50126.09
81838.46 50122.06
81839.21 50118.03
81839.95 50114.00
81840.69 50109.97
81841.44 50105.94
81842.18 50101.91
81842.93 50097.88
81843.66 50093.87
81844.39 50089.87
81845.10 50085.90
81845.85 50081.95
81846.48 50078.03
81846.24 50074.55
81845.22 50071.66
81842.09 50068.41
81838.92 50066.96
81834.98 50066.09
81831.02 50065.37
81826.96 50064.64
81822.90 50063.92
81818.79 50063.19
81814.66 50062.46
81810.54 50061.73
81806.42 50061.00
81802.29 50060.28
81798.18 50059.59
81794.07 50058.90
81789.97 50058.21
81785.89 50057.52
81781.81 50056.83
81777.73 50056.12
81773.66 50055.39
81769.59 50054.67
81765.52 50053.95
81761.45 50053.22
81757.38 50052.50
81753.34 50051.76
81749.32 50050.99
81745.32 50050.21
81741.35 50049.40
81737.58 50048.85
81733.90 50048.66
81730.51 50048.85
81727.10 50049.19
81723.67 50049.58
81720.18 50049.90
81716.48 50049.90
81712.62 50049.58
81708.64 50048.92
81704.66 50048.25
81700.69 50047.55
81696.72 50046.83
81692.76 50046.09
81688.80 50045.34
81684.84 50044.59
81680.87 50043.85
81676.91 50043.10
81672.95 50042.35
81668.99 50041.60
81665.02 50040.86
81661.06 50040.11
81657.10 50039.36
81653.13 50038.60
81649.17 50037.85
81645.21 50037.09
81641.25 50036.33
81637.28 50035.57
81633.32 50034.81
81629.36 50034.05
81625.40 50033.29
81621.48 50032.71
81618.03 50032.96
81615.15 50034.08
81612.84 50036.07
81611.13 50038.94
81609.99 50042.68
81609.22 50046.71
81608.46 50050.76
81607.71 50054.80
81606.96 50058.84
81606.22 50062.88
81605.48 50066.92
81604.74 50070.94
81603.99 50074.96
81603.25 50078.97
81602.51 50082.97
81601.78 50086.96
81601.04 50090.96
81600.30 50094.96
81599.56 50098.96
81598.82 50102.96
81598.08 50106.95
81597.34 50110.95
81596.60 50114.95
81595.87 50118.95
81595.13 50122.95
81594.39 50126.94
81593.65 50130.94
81592.91 50134.94
81592.17 50138.94
81591.43 50142.94
81590.70 50146.93
81589.96 50150.93
81589.22 50154.93
81588.48 50158.93
81587.74 50162.93
81587.01 50166.92
81586.28 50170.89
81585.55 50174.90
81584.82 50178.92
81584.10 50182.95
81583.38 50186.98
81582.67 50191.04
81581.95 50195.10
81581.23 50199.14
81580.52 50203.18
81579.81 50207.22
81579.09 50211.26
81578.38 50215.31
81577.66 50219.34
81576.95 50223.35
81576.23 50227.36
81575.51 50231.35
81574.78 50235.33
81574.06 50239.29
81573.33 50243.26
81572.61 50247.23
81571.87 50251.22
81571.14 50255.22
81570.39 50259.24
81569.64 50263.27
81568.89 50267.32
81568.13 50271.37
81567.36 50275.42
81566.60 50279.46
81565.84 50283.47
81565.09 50287.47
81564.34 50291.44
81563.59 50295.39
81562.84 50299.32
81562.10 50303.25
81561.35 50307.19
81560.61 50311.12
81559.86 50315.06
81559.12 50318.99
81558.39 50322.93
81557.66 50326.90
81556.92 50330.90
81556.18 50334.96
81555.43 50339.05
81554.68 50343.18
81553.92 50347.35
81553.15 50351.51
81552.39 50355.68
81551.62 50359.83
81550.79 50363.95
81549.91 50368.03
81548.98 50372.07
81548.00 50376.08
81547.12 50380.04
81546.66 50383.95
81547.01 50387.44
81548.23 50390.42
81550.32 50392.82
81552.92 50394.95
81550.26 50397.72
81547.68 50399.46
81545.59 50401.95
81544.02 50405.09
81542.92 50408.65
81542.09 50412.42
81541.32 50416.27
81540.59 50420.20
81539.88 50424.14
81539.16 50428.09
81538.45 50432.03
81537.74 50435.98
81537.04 50439.93
81536.34 50443.88
81535.65 50447.83
81534.95 50451.78
81534.25 50455.73
81533.54 50459.69
81532.84 50463.64
81532.13 50467.59
81531.43 50471.54
81530.73 50475.49
81530.03 50479.44
81529.34 50483.40
81528.64 50487.35
81527.94 50491.30
81527.25 50495.25
81526.55 50499.20
81525.85 50503.16
81525.15 50507.11
81524.45 50511.06
81523.75 50515.02
81523.06 50519.01
81522.36 50523.04
81521.65 50527.09
81520.92 50531.17
81520.18 50535.28
81519.42 50539.39
81518.65 50543.50
81517.83 50547.56
81516.92 50551.54
81515.79 50555.28
81514.28 50558.54
81512.31 50561.32
81510.02 50563.80
81507.30 50566.03
81504.42 50567.94
81501.60 50570.11
81499.24 50572.47
81496.80 50574.81
81494.39 50577.31
81492.15 50580.02
81490.08 50582.95
81487.97 50586.01
81486.19 50589.44
81484.82 50593.10
81483.77 50596.92
81482.93 50600.81
81482.16 50604.73
81481.45 50608.66
81480.73 50612.58
81480.02 50616.51
81479.30 50620.44
81478.58 50624.37
81477.87 50628.30
81477.15 50632.23
81476.44 50636.15
81475.72 50640.08
81475.00 50644.01
81474.29 50647.94
81473.57 50651.87
81472.86 50655.80
81472.14 50659.72
81471.41 50663.65
81470.68 50667.58
81469.95 50671.50
81469.21 50675.43
81468.47 50679.35
81467.73 50683.27
81466.99 50687.20
81466.25 50691.12
81465.14 50697.01
